 <pre>

 Contingency table for Visibility (m)
 Selection: ALL    715 stations
Period: 20220822-20220831
Used {All hours} + 00 01 ... 09
 Limits    1000.00000       5000.00000       10000.0000       20000.0000    
 Each class is data <= limit, the very last > last limit
 Total number of values     1326007
                                     OBSERVATION
                                   3685     1854     1571     2246     2846 |     12202
                                   8532    12035    15201    28014    32514 |     96296
                    MNWC_prod1     3619     7525    13843    37713    66555 |    129255
                                   2215     7655    18689    72172   223045 |    323776
                                   3530     7953    32826   146327   573842 |    764478

                    SUM           21581    37022    82130   286472   898802 |   1326007
                                     OBSERVATION
                                   3292     1426     1154     2102     2665 |     10639
                                   7880    10658    13292    24537    28816 |     85183
                       MNWC_2h     4121     8054    13125    34921    61127 |    121348
                                   2522     8346    19548    74886   231929 |    337231
                                   3766     8538    35011   150026   574265 |    771606

                    SUM           21581    37022    82130   286472   898802 |   1326007
                                     OBSERVATION
                                   3287     1446     1120     1964     2491 |     10308
                                   7876    10744    13247    23982    28498 |     84347
                       MNWC_3h     3981     7847    12892    34482    60014 |    119216
                                   2733     8101    18699    72730   226763 |    329026
                                   3704     8884    36172   153314   581036 |    783110

                    SUM           21581    37022    82130   286472   898802 |   1326007

