 <pre>

 Contingency table for Rh2m (%)
 Selection: ALL   1054 stations
Period: 20220822-20220831
Used {All hours} + 00 01 ... 09
 Limits    30.0000000       50.0000000       65.0000000       75.0000000       85.0000000       95.0000000       100.000000    
 Each class is data <= limit, the very last > last limit
 Total number of values     2169813
                                              OBSERVATION
                                   4468     5024      148        8        1        0        3        0 |      9652
                                   1979   114252    64482     5901     1567      561      105        0 |    188847
                                      2    32705   236327   106771    34348    10592     1884        0 |    422629
                    MNWC_prod1        1     2448    56854   176954   128829    44932     9311        0 |    419329
                                      0      555    11674    68226   203502   149778    35755        0 |    469490
                                      0       63     2107    13906    79613   243255   126374        0 |    465318
                                      0        2      168     1432    10060    53348   122138        0 |    187148
                                      0        0        0       10      441     1186     5763        0 |      7400

                    SUM            6450   155049   371760   373208   458361   503652   301333        0 |   2169813
                                              OBSERVATION
                                   4603     6423      305       28        4        1        4        0 |     11368
                                   1829   108536    56206     6197     2178      902      193        0 |    176041
                                     15    37087   237545   100586    34589    11850     2424        0 |    424096
                       MNWC_2h        3     2406    62930   182062   132041    47732    10186        0 |    437360
                                      0      520    12341    68205   205360   163543    39777        0 |    489746
                                      0       74     2220    14532    73892   232960   131603        0 |    455281
                                      0        3      213     1573     9966    45753   112891        0 |    170399
                                      0        0        0       25      331      911     4255        0 |      5522

                    SUM            6450   155049   371760   373208   458361   503652   301333        0 |   2169813
                                              OBSERVATION
                                   4795     7494      523       37        5        2        5        0 |     12861
                                   1629   109939    62985     7775     2911     1258      260        0 |    186757
                                     23    34710   234551   105285    37390    13169     3044        0 |    428172
                       MNWC_3h        3     2357    59516   178214   132452    48822    10836        0 |    432200
                                      0      495    11922    66368   201532   160943    39661        0 |    480921
                                      0       54     2095    13948    73820   232641   130433        0 |    452991
                                      0        0      168     1554     9891    45816   112644        0 |    170073
                                      0        0        0       27      360     1001     4450        0 |      5838

                    SUM            6450   155049   371760   373208   458361   503652   301333        0 |   2169813

