 <pre>

 Contingency table for 6h Precipitation (mm/6h)
 Selection: ALL    685 stations
Period: 20220822-20220831
Used {All hours} + 06-00 07-01 08-02 09-03
 Limits   0.100000001      0.200000003      0.500000000       1.00000000       2.00000000       5.00000000       10.0000000       20.0000000       35.0000000    
 Each class is data <= limit, the very last > last limit
 Total number of values      517524
                                                       OBSERVATION
                                 422293     5098     7236     4229     3241     2729     1670      677      203        7 |    447383
                                   8033      563     1005      640      557      413      185      114       13        3 |     11526
                                   9444      771     1497     1221     1003      872      307      172       47        3 |     15337
                                   5956      526     1134     1054     1009      891      375      158       38        3 |     11144
                    MNWC_prod1     4753      463     1043     1078     1244     1382      524      239       62        1 |     10789
                                   3838      353      776      980     1347     2060     1065      515      120       20 |     11074
                                   1657      139      228      335      562     1103      978      686      145       14 |      5847
                                    831       64      127      126      238      460      559      578      282       49 |      3314
                                    226       10       34       32       51      103      119      176      137       37 |       925
                                     40        3        9        9       11       25       17       42       18       11 |       185

                    SUM          457071     7990    13089     9704     9263    10038     5799     3357     1065      148 |    517524
                                                       OBSERVATION
                                 422382     5068     7346     4326     3333     2823     1689      678      156        9 |    447810
                                   7913      550     1014      745      553      476      179      120       32        1 |     11583
                                   9618      721     1417     1201     1055      851      374      138       53        1 |     15429
                                   6124      587     1205     1110     1141      992      384      145       44        1 |     11733
                       MNWC_2h     4689      532      972     1000     1182     1299      570      244       79        7 |     10574
                                   3774      359      732      828     1244     2129     1067      642      135        7 |     10917
                                   1548      114      260      350      484      973      935      720      167       19 |      5570
                                    830       47      117      118      218      419      503      471      253       51 |      3027
                                    161        8       22       21       47       64       88      170      120       38 |       739
                                     32        4        4        5        6       12       10       29       26       14 |       142

                    SUM          457071     7990    13089     9704     9263    10038     5799     3357     1065      148 |    517524
                                                       OBSERVATION
                                 423305     5163     7398     4376     3466     2921     1757      722      161        8 |    449277
                                   7687      541     1002      742      511      412      158      103       28        3 |     11187
                                   9483      762     1502     1244     1007      841      315      133       31        3 |     15321
                                   5892      582     1105     1050     1109      971      377      144       32        6 |     11268
                       MNWC_3h     4452      455      939     1002     1149     1386      548      252       64        5 |     10252
                                   3711      302      746      794     1244     1946     1131      625      140       10 |     10649
                                   1546      127      265      338      511     1046      895      692      182       15 |      5617
                                    802       47      105      117      218      420      509      487      276       50 |      3031
                                    157        9       23       35       42       84       95      165      128       38 |       776
                                     36        2        4        6        6       11       14       34       23       10 |       146

                    SUM          457071     7990    13089     9704     9263    10038     5799     3357     1065      148 |    517524

