 <pre>

 Contingency table for 3h Precipitation (mm/3h)
 Selection: ALL    606 stations
Period: 20220822-20220831
Used {All hours} + 03-00 04-01 05-02 06-03 07-04 08-05 09-06
 Limits   0.100000001      0.200000003      0.500000000       1.00000000       2.00000000       5.00000000       10.0000000       15.0000000       20.0000000    
 Each class is data <= limit, the very last > last limit
 Total number of values      876810
                                                       OBSERVATION
                                 760171     7232    10089     5865     4869     4352     1827      612      230       22 |    795269
                                  10908      680     1233      851      752      602      217       64       29        3 |     15339
                                  12290      964     1869     1442     1228     1163      352      113       32       10 |     19463
                                   7442      657     1352     1325     1234     1136      406      139       34       15 |     13740
                    MNWC_prod1     5517      533     1102     1399     1415     1600      533      170       55       21 |     12345
                                   4527      366      850     1165     1606     2310     1099      348      113       48 |     12432
                                   1666      147      265      301      566     1120     1004      301      124      102 |      5596
                                    404       25       61       73      152      255      256      173      106       57 |      1562
                                    149       10       23       33       55       85       93       50       42       25 |       565
                                    146       15       21       34       60       62       66       29       33       33 |       499

                    SUM          803220    10629    16865    12488    11937    12685     5853     1999      798      336 |    876810
                                                       OBSERVATION
                                 759490     7173    10188     6130     4998     4465     1836      602      211       28 |    795121
                                  10938      683     1310      881      766      654      187       69       28        6 |     15522
                                  13037      942     1815     1485     1274     1074      351       99       25       18 |     20120
                                   7726      703     1366     1346     1291     1222      405      134       37        8 |     14238
                       MNWC_2h     5529      570     1060     1213     1379     1630      628      196       80       14 |     12299
                                   4274      395      813     1018     1526     2405     1238      362      123       64 |     12218
                                   1565      123      225      309      525      903      839      315      128       84 |      5016
                                    428       28       62       75      119      225      228      152      101       46 |      1464
                                    135        7       13       26       31       72       85       52       41       27 |       489
                                     98        5       13        5       28       35       56       18       24       41 |       323

                    SUM          803220    10629    16865    12488    11937    12685     5853     1999      798      336 |    876810
                                                       OBSERVATION
                                 760388     7304    10324     6163     5089     4530     1874      598      210       24 |    796504
                                  10881      677     1253      879      744      594      162       66       24        4 |     15284
                                  12479      981     1815     1534     1230     1064      338      120       26       12 |     19599
                                   7544      666     1303     1309     1230     1192      381      129       25       13 |     13792
                       MNWC_3h     5426      491     1032     1196     1434     1618      605      204       71       17 |     12094
                                   4290      361      812      969     1501     2349     1277      376      147       53 |     12135
                                   1607      108      261      313      529      961      851      292      116       88 |      5126
                                    400       26       46       73      120      239      223      135      106       58 |      1426
                                    111        8       10       26       34       86       70       49       40       34 |       468
                                     94        7        9       26       26       52       72       30       33       33 |       382

                    SUM          803220    10629    16865    12488    11937    12685     5853     1999      798      336 |    876810

