 <pre>

 Contingency table for Cloud cover (octas)
 Selection: ALL    404 stations
Period: 20220822-20220831
Used {All hours} + 01 02 ... 09
 Limits   0.500000000       1.50000000       2.50000000       3.50000000       4.50000000       5.50000000       6.50000000       7.50000000    
 Each class is data <= limit, the very last > last limit
 Total number of values      523457
                                                       OBSERVATION
                                  61683    14506    11251     6609     3803     4207     3677     4009     5307 |    115052
                                  14995     4654     4386     3650     2497     3001     3216     3952     5692 |     46043
                                   7710     2578     2562     2165     1537     2104     2402     3177     4869 |     29104
                                   5633     1946     1975     1789     1428     1718     2190     2873     4793 |     24345
                    MNWC_prod1     4862     1808     1868     1646     1354     1942     2349     3252     5387 |     24468
                                   4400     1745     1807     1691     1457     2046     2661     3757     6365 |     25929
                                   4507     1896     1858     1862     1716     2348     3379     4900     8610 |     31076
                                   5320     2240     2522     2394     2220     3379     4835     8170    15249 |     46329
                                   8657     4239     4121     4909     4360     7950    14201    35287    97387 |    181111

                    SUM          117767    35612    32350    26715    20372    28695    38910    69377   153659 |    523457
                                                       OBSERVATION
                                  62634    14886    11262     6699     3949     4453     3909     4154     5849 |    117795
                                  15117     4857     4544     3663     2607     3080     3335     4219     6528 |     47950
                                   7587     2538     2699     2156     1616     2151     2431     3277     5479 |     29934
                                   5600     1928     2074     1783     1364     1841     2249     3000     5243 |     25082
                       MNWC_2h     4756     1840     1833     1762     1398     1839     2393     3325     5774 |     24920
                                   4442     1792     1801     1762     1461     1999     2615     3837     6714 |     26423
                                   4522     1769     1951     1865     1584     2405     3449     4984     9343 |     31872
                                   5183     2177     2385     2448     2170     3424     4883     8355    15924 |     46949
                                   7926     3825     3801     4577     4223     7503    13646    34226    92805 |    172532

                    SUM          117767    35612    32350    26715    20372    28695    38910    69377   153659 |    523457
                                                       OBSERVATION
                                  63523    14958    11186     6751     3994     4613     3928     4367     6121 |    119441
                                  15403     4833     4619     3684     2626     3144     3219     4126     6395 |     48049
                                   7602     2586     2608     2196     1692     2135     2605     3366     5463 |     30253
                                   5508     2011     2023     1735     1408     1815     2205     3109     5268 |     25082
                       MNWC_3h     4722     1829     1923     1753     1394     1863     2370     3469     5841 |     25164
                                   4296     1794     1842     1722     1444     2059     2712     4026     7024 |     26919
                                   4241     1810     2000     1898     1634     2430     3344     5120     9190 |     31667
                                   4944     2090     2314     2447     2166     3352     4943     8317    16165 |     46738
                                   7528     3701     3835     4529     4014     7284    13584    33477    92192 |    170144

                    SUM          117767    35612    32350    26715    20372    28695    38910    69377   153659 |    523457

